-0.46850108616944247 -0.509090909090909 1
0.049239681390296844 -0.8545454545454545 1
0.6987690079652426 -0.8181818181818182 1
0.9670528602461984 -0.3575757575757576 1
1.0 0.3090909090909091 1
0.7270094134685011 0.9151515151515152 1
0.14808110065170163 1.0 1
-0.219044170890659 0.7454545454545455 1
-0.4920347574221579 0.2545454545454545 1
-0.6332367849384505 0.1696969696969697 1
-0.6567704561911659 -0.08484848484848485 1
-0.6708906589427951 -0.5272727272727272 1
-0.44967414916727017 -0.24242424242424243 1
-0.46850108616944247 -0.509090909090909 -1
0.049239681390296844 -0.8545454545454545 -1
0.6987690079652426 -0.8181818181818182 -1
0.9670528602461984 -0.3575757575757576 -1
1.0 0.3090909090909091 -1
0.7270094134685011 0.9151515151515152 -1
0.14808110065170163 1.0 -1
-0.219044170890659 0.7454545454545455 -1
-0.4920347574221579 0.2545454545454545 -1
-0.6332367849384505 0.1696969696969697 -1
-0.6567704561911659 -0.08484848484848485 -1
-0.6708906589427951 -0.5272727272727272 -1
-0.44967414916727017 -0.24242424242424243 -1
#
0 13
0 1
13 14
1 14
1 2
14 15
2 15
2 3
15 16
3 16
3 4
16 17
4 17
4 5
17 18
5 18
5 6
18 19
6 19
6 7
19 20
7 20
7 8
20 21
8 21
8 9
21 22
9 22
9 10
22 23
10 23
10 11
23 24
11 24
11 12
24 25
12 25
12 0
25 13
