-0.8014970889936235 -0.21720313767919938 1
-0.7665650124757416 -0.3924803895050041 1
-0.5769337399500971 -0.6018393291858264 1
-0.19767119489880788 -0.7381660806058967 1
0.30634876628777374 -0.7625101433594806 1
0.6756307180482395 -0.6553962672437111 1
0.9301358469642362 -0.3535298890992697 1
1.0 0.07492561536380848 1
0.8852231771555309 0.542331620232621 1
0.6157471583032992 0.926967811739248 1
0.1716107568616579 1.0 1
-0.3174383143886887 0.9074925615363808 1
-0.6268367064042141 0.6737895591019746 1
-0.726642639312448 0.37192318095753313 1
-0.7316329359578597 0.13822017852312685 1
-0.76157471583033 -0.09548282391127944 1
-0.7665650124757416 -0.20746551257776577 1
-0.7565844191849183 -0.25128482553421694 1
-0.3274189076795121 -0.12956451176629702 1
-0.31244801774327696 0.16743305382742762 1
-0.2775159412253951 0.4060048688125507 1
-0.1827003049625728 0.5715444955369218 1
0.12170779040754087 0.6445766837976737 1
0.39617410590518437 0.5958885582905058 1
0.6157471583032992 0.4400865566675683 1
0.6706404214028279 0.2258588044360292 1
0.700582201275298 -0.037057073302677865 1
0.6806210146936512 -0.19285907492561538 1
0.5907956750762406 -0.3876115769542873 1
0.46104796229553646 -0.5044630781714904 1
0.23648461325200998 -0.5531512036786584 1
-0.008039922373163309 -0.5434135785772248 1
-0.1377876351538675 -0.44603732756288883 1
-0.2076517881896313 -0.3145793886935353 1
-0.2675353479345717 -0.178252637273465 1
-0.3074577210978653 -0.12469569921558021 1
-0.8014970889936235 -0.21720313767919938 -1
-0.7665650124757416 -0.3924803895050041 -1
-0.5769337399500971 -0.6018393291858264 -1
-0.19767119489880788 -0.7381660806058967 -1
0.30634876628777374 -0.7625101433594806 -1
0.6756307180482395 -0.6553962672437111 -1
0.9301358469642362 -0.3535298890992697 -1
1.0 0.07492561536380848 -1
0.8852231771555309 0.542331620232621 -1
0.6157471583032992 0.926967811739248 -1
0.1716107568616579 1.0 -1
-0.3174383143886887 0.9074925615363808 -1
-0.6268367064042141 0.6737895591019746 -1
-0.726642639312448 0.37192318095753313 -1
-0.7316329359578597 0.13822017852312685 -1
-0.76157471583033 -0.09548282391127944 -1
-0.7665650124757416 -0.20746551257776577 -1
-0.7565844191849183 -0.25128482553421694 -1
-0.3274189076795121 -0.12956451176629702 -1
-0.31244801774327696 0.16743305382742762 -1
-0.2775159412253951 0.4060048688125507 -1
-0.1827003049625728 0.5715444955369218 -1
0.12170779040754087 0.6445766837976737 -1
0.39617410590518437 0.5958885582905058 -1
0.6157471583032992 0.4400865566675683 -1
0.6706404214028279 0.2258588044360292 -1
0.700582201275298 -0.037057073302677865 -1
0.6806210146936512 -0.19285907492561538 -1
0.5907956750762406 -0.3876115769542873 -1
0.46104796229553646 -0.5044630781714904 -1
0.23648461325200998 -0.5531512036786584 -1
-0.008039922373163309 -0.5434135785772248 -1
-0.1377876351538675 -0.44603732756288883 -1
-0.2076517881896313 -0.3145793886935353 -1
-0.2675353479345717 -0.178252637273465 -1
-0.3074577210978653 -0.12469569921558021 -1
#
0 36
0 1
36 37
1 37
1 2
37 38
2 38
2 3
38 39
3 39
3 4
39 40
4 40
4 5
40 41
5 41
5 6
41 42
6 42
6 7
42 43
7 43
7 8
43 44
8 44
8 9
44 45
9 45
9 10
45 46
10 46
10 11
46 47
11 47
11 12
47 48
12 48
12 13
48 49
13 49
13 14
49 50
14 50
14 15
50 51
15 51
15 16
51 52
16 52
16 17
52 53
17 53
17 18
53 54
18 54
18 19
54 55
19 55
19 20
55 56
20 56
20 21
56 57
21 57
21 22
57 58
22 58
22 23
58 59
23 59
23 24
59 60
24 60
24 25
60 61
25 61
25 26
61 62
26 62
26 27
62 63
27 63
27 28
63 64
28 64
28 29
64 65
29 65
29 30
65 66
30 66
30 31
66 67
31 67
31 32
67 68
32 68
32 33
68 69
33 69
33 34
69 70
34 70
34 35
70 71
35 71
35 0
71 36
