-0.44642857142857134 -0.8609332113449221 1
-0.4210526315789473 0.5471180237877402 1
0.6193609022556391 -0.8444647758462944 1
1.0 -0.8526989935956082 1
0.7716165413533834 1.0 1
0.4924812030075188 -0.11985361390667874 1
-0.5310150375939848 0.9917657822506862 1
-0.7593984962406014 0.958828911253431 1
-0.725563909774436 -0.819762122598353 1
-0.44642857142857134 -0.8609332113449221 -1
-0.4210526315789473 0.5471180237877402 -1
0.6193609022556391 -0.8444647758462944 -1
1.0 -0.8526989935956082 -1
0.7716165413533834 1.0 -1
0.4924812030075188 -0.11985361390667874 -1
-0.5310150375939848 0.9917657822506862 -1
-0.7593984962406014 0.958828911253431 -1
-0.725563909774436 -0.819762122598353 -1
#
0 9
0 1
9 10
1 10
1 2
10 11
2 11
2 3
11 12
3 12
3 4
12 13
4 13
4 5
13 14
5 14
5 6
14 15
6 15
6 7
15 16
7 16
7 8
16 17
8 17
8 0
17 9
