-0.671345995045417 -0.3641207815275311 1
-0.4269199009083402 -0.6625222024866785 1
0.17423616845582163 -0.0586145648312611 1
0.6630883567299752 -0.5346358792184724 1
1.0 -0.3641207815275311 1
-0.16928158546655656 1.0 1
-0.5061932287365813 0.7087033747779752 1
-0.06358381502890173 0.2753108348134991 1
-0.671345995045417 -0.3641207815275311 -1
-0.4269199009083402 -0.6625222024866785 -1
0.17423616845582163 -0.0586145648312611 -1
0.6630883567299752 -0.5346358792184724 -1
1.0 -0.3641207815275311 -1
-0.16928158546655656 1.0 -1
-0.5061932287365813 0.7087033747779752 -1
-0.06358381502890173 0.2753108348134991 -1
#
0 8
0 1
8 9
1 9
1 2
9 10
2 10
2 3
10 11
3 11
3 4
11 12
4 12
4 5
12 13
5 13
5 6
13 14
6 14
6 7
14 15
7 15
7 0
15 8
