-1.0 -0.7379619260918253 1
-0.6824615384615385 -1.0 1
0.0338461538461537 -0.2877939529675251 1
0.5803076923076921 -0.858902575587906 1
0.905230769230769 -0.7782754759238522 1
0.3366153846153844 0.12206047032474818 1
0.8756923076923074 0.7805151175811872 1
0.5507692307692306 0.9216125419932814 1
0.07076923076923063 0.27659574468085124 1
-0.5495384615384616 0.9081746920492724 1
-0.8523076923076923 0.6797312430011201 1
-0.26892307692307704 -0.02575587905935038 1
-1.0 -0.7379619260918253 -1
-0.6824615384615385 -1.0 -1
0.0338461538461537 -0.2877939529675251 -1
0.5803076923076921 -0.858902575587906 -1
0.905230769230769 -0.7782754759238522 -1
0.3366153846153844 0.12206047032474818 -1
0.8756923076923074 0.7805151175811872 -1
0.5507692307692306 0.9216125419932814 -1
0.07076923076923063 0.27659574468085124 -1
-0.5495384615384616 0.9081746920492724 -1
-0.8523076923076923 0.6797312430011201 -1
-0.26892307692307704 -0.02575587905935038 -1
#
0 12
0 1
12 13
1 13
1 2
13 14
2 14
2 3
14 15
3 15
3 4
15 16
4 16
4 5
16 17
5 17
5 6
17 18
6 18
6 7
18 19
7 19
7 8
19 20
8 20
8 9
20 21
9 21
9 10
21 22
10 22
10 11
22 23
11 23
11 0
23 12
