-0.9590443686006825 0.9679144385026738
-1.0 -0.9743315508021391
0.6655290102389079 -1.0
0.7064846416382252 -0.1358288770053476
0.2696245733788396 -0.3240641711229946
0.18771331058020477 -0.7946524064171123
-0.6313993174061433 -0.7518716577540107
-0.5221843003412969 -0.24705882352941178
0.24232081911262798 -0.306951871657754
0.6791808873720137 -0.11871657754010695
-0.4812286689419795 -0.016042780748663103
0.7610921501706485 0.6855614973262032
0.7474402730375427 0.8823529411764706
0.4061433447098976 0.9165775401069519
-0.5358361774744027 0.2748663101604278
-0.5358361774744027 0.9422459893048128
