-0.12041884816753913 0.5131056393963462
-0.21465968586387424 0.6560762509928514
-0.48167539267015697 0.7513899920571881
-0.7958115183246073 0.6679904686258935
-0.9685863874345549 0.44162033359809366
-1.0 0.17950754567116753
-0.7643979057591622 0.04845115170770448
-0.4659685863874345 0.02462271644162029
-0.45026178010471196 -0.10643367752184277
-0.40314136125654443 -0.3328038125496426
-0.3560209424083769 -0.511517077045274
-0.3089005235602093 -0.7378872120730738
-0.21465968586387424 -0.9166004765687054
-0.13612565445026165 -1.0
0.08376963350785356 -0.9880857823669579
0.2251308900523562 -0.8927720413026211
0.3036649214659688 -0.7378872120730738
0.31937172774869127 -0.6068308181096108
0.31937172774869127 -0.4162033359809373
0.35078534031413633 -0.23749007148530582
0.3350785340314138 -0.058776806989674385
0.4450261780104714 0.02462271644162029
0.6649214659685866 0.11993645750595706
0.7748691099476442 0.3343923749007148
0.8219895287958118 0.47736298649722
0.8062827225130893 0.6203335980937251
0.6649214659685866 0.739475774424146
0.36649214659685886 0.7513899920571881
0.17801047120418867 0.6799046862589356
0.0209424083769635 0.5131056393963462
