0.6846095526914329 -0.41854185418541856
0.6724791508718726 -0.9801980198019802
-0.9893858984078847 -0.9297929792979298
-0.7831690674753601 0.1935193519351935
0.3570887035633055 0.0999099909990999
0.49052312357846856 0.6831683168316832
-0.32221379833206976 0.7479747974797479
-0.32221379833206976 0.4815481548154815
-0.7225170583775588 0.4815481548154815
-0.5769522365428355 1.0
1.0 0.8343834383438344
0.7210007581501138 -0.19531953195319532
-0.3707354056103108 -0.07290729072907291
-0.4920394238059136 -0.7353735373537353
0.2964366944655042 -0.7857785778577858
0.3570887035633055 -0.40414041404140416
