-0.7122608079376329 -0.8867161159811193
-0.17363571934798017 -0.2825354012137559
-0.17363571934798017 -1.0
0.21190644932671865 -0.3256911665542819
0.6484762579730687 -0.9676331759946055
0.6144578313253012 -0.23937963587322994
1.0 0.030343897505057317
0.40467753366406806 0.15441672285906946
0.7165131112686038 0.672285906945381
0.041814316087880936 0.5050573162508429
-0.06591070163004961 0.9366149696561025
-0.2643515237420269 0.4349291975724882
-0.632884479092842 0.6884693189480782
-0.41743444365698085 0.19757248819959541
-0.8313253012048193 0.09507754551584625
-0.3664068036853296 -0.012811867835468645
